0 4999999
5000000 9999999
10000000 14999999
15000000 19999999
20000000 24999999
25000000 29999999
30000000 34999999
35000000 39999999
40000000 44999999
45000000 49999999
50000000 54999999
55000000 59999999
60000000 64999999
65000000 69999999
70000000 74999999
75000000 79999999
80000000 84999999
85000000 89999999
90000000 94999999
95000000 99999999
100000000 104999999
105000000 109999999
110000000 114999999
115000000 119999999
120000000 124999999
125000000 129999999
130000000 134999999
135000000 139999999
140000000 144999999
145000000 149999999
150000000 154999999
155000000 159999999
160000000 164999999
165000000 169999999
170000000 174999999
175000000 179999999
180000000 184999999
185000000 189999999
190000000 194999999
195000000 199999999
200000000 204999999
205000000 209999999
210000000 214999999
215000000 219999999
220000000 224999999
225000000 229999999
230000000 234999999
235000000 239999999
240000000 244999999
245000000 249999999
250000000 254999999
255000000 259999999
260000000 264999999
265000000 269999999
270000000 274999999
275000000 279999999
280000000 284999999
285000000 289999999
290000000 294999999
295000000 299999999
300000000 304999999
305000000 309999999
310000000 314999999
315000000 319999999
320000000 324999999
325000000 329999999
330000000 334999999
335000000 339999999
340000000 344999999
345000000 349999999
350000000 354999999
355000000 359999999
360000000 364999999
365000000 369999999
370000000 374999999
375000000 379999999
380000000 384999999
385000000 389999999
390000000 394999999
395000000 399999999
400000000 404999999
405000000 409999999
410000000 414999999
415000000 419999999
420000000 424999999
425000000 429999999
430000000 434999999
435000000 439999999
440000000 444999999
445000000 449999999
450000000 454999999
455000000 459999999
460000000 464999999
465000000 469999999
470000000 474999999
475000000 479999999
480000000 484999999
485000000 489999999
490000000 494999999
495000000 499999999
500000000 504999999
505000000 509999999
510000000 514999999
515000000 519999999
520000000 524999999
525000000 529999999
530000000 534999999
535000000 539999999
540000000 544999999
545000000 549999999
550000000 554999999
555000000 559999999
560000000 564999999
565000000 569999999
570000000 574999999
575000000 579999999
580000000 584999999
585000000 589999999
590000000 594999999
595000000 599999999
600000000 604999999
605000000 609999999
610000000 614999999
615000000 619999999
620000000 624999999
625000000 629999999
630000000 634999999
635000000 639999999
640000000 644999999
645000000 649999999
650000000 654999999
655000000 659999999
660000000 664999999
665000000 669999999
670000000 674999999
675000000 679999999
680000000 684999999
685000000 689999999
690000000 694999999
695000000 699999999
700000000 704999999
705000000 709999999
710000000 714999999
715000000 719999999
720000000 724999999
725000000 729999999
730000000 734999999
735000000 739999999
740000000 744999999
745000000 749999999
750000000 754999999
755000000 759999999
760000000 764999999
765000000 769999999
770000000 774999999
775000000 779999999
780000000 784999999
785000000 789999999
790000000 794999999
795000000 799999999
800000000 804999999
805000000 809999999
810000000 814999999
815000000 819999999
820000000 824999999
825000000 829999999
830000000 834999999
835000000 839999999
840000000 844999999
845000000 849999999
850000000 854999999
855000000 859999999
860000000 864999999
865000000 869999999
870000000 874999999
875000000 879999999
880000000 884999999
885000000 889999999
890000000 894999999
895000000 899999999
900000000 904999999
905000000 909999999
910000000 914999999
915000000 919999999
920000000 924999999
925000000 929999999
930000000 934999999
935000000 939999999
940000000 944999999
945000000 949999999
950000000 954999999
955000000 959999999
960000000 964999999
965000000 969999999
970000000 974999999
975000000 979999999
980000000 984999999
985000000 989999999
990000000 994999999
995000000 999999999
1000000000 1004999999
1005000000 1009999999
1010000000 1014999999
1015000000 1019999999
1020000000 1024999999
1025000000 1029999999
1030000000 1034999999
1035000000 1039999999
1040000000 1044999999
1045000000 1049999999
1050000000 1054999999
1055000000 1059999999
1060000000 1064999999
1065000000 1069999999
1070000000 1074999999
1075000000 1079999999
1080000000 1084999999
1085000000 1089999999
1090000000 1094999999
1095000000 1099999999
1100000000 1104999999
1105000000 1109999999
1110000000 1114999999
1115000000 1119999999
1120000000 1124999999
1125000000 1129999999
1130000000 1134999999
1135000000 1139999999
1140000000 1144999999
1145000000 1149999999
1150000000 1154999999
1155000000 1159999999
1160000000 1164999999
1165000000 1169999999
1170000000 1174999999
1175000000 1179999999
1180000000 1184999999
1185000000 1189999999
1190000000 1194999999
1195000000 1199999999
1200000000 1204999999
1205000000 1209999999
1210000000 1214999999
1215000000 1219999999
1220000000 1224999999
1225000000 1229999999
1230000000 1234999999
1235000000 1239999999
1240000000 1244999999
1245000000 1249999999
1250000000 1254999999
1255000000 1259999999
1260000000 1264999999
1265000000 1269999999
1270000000 1274999999
1275000000 1279999999
1280000000 1284999999
1285000000 1289999999
1290000000 1294999999
1295000000 1299999999
1300000000 1304999999
1305000000 1309999999
1310000000 1314999999
1315000000 1319999999
1320000000 1324999999
1325000000 1329999999
1330000000 1334999999
1335000000 1339999999
1340000000 1344999999
1345000000 1349999999
1350000000 1354999999
1355000000 1359999999
1360000000 1364999999
1365000000 1369999999
1370000000 1374999999
1375000000 1379999999
1380000000 1384999999
1385000000 1389999999
1390000000 1394999999
1395000000 1399999999
1400000000 1404999999
1405000000 1409999999
1410000000 1414999999
1415000000 1419999999
1420000000 1424999999
1425000000 1429999999
1430000000 1434999999
1435000000 1439999999
1440000000 1444999999
1445000000 1449999999
1450000000 1454999999
1455000000 1459999999
1460000000 1464999999
1465000000 1469999999
1470000000 1474999999
1475000000 1479999999
1480000000 1484999999
1485000000 1489999999
1490000000 1494999999
1495000000 1499999999
1500000000 1504999999
1505000000 1509999999
1510000000 1514999999
1515000000 1519999999
1520000000 1524999999
1525000000 1529999999
1530000000 1534999999
1535000000 1539999999
1540000000 1544999999
1545000000 1549999999
1550000000 1554999999
1555000000 1559999999
1560000000 1564999999
1565000000 1569999999
1570000000 1574999999
1575000000 1579999999
1580000000 1584999999
1585000000 1589999999
1590000000 1594999999
1595000000 1599999999
1600000000 1604999999
1605000000 1609999999
1610000000 1614999999
1615000000 1619999999
1620000000 1624999999
1625000000 1629999999
1630000000 1634999999
1635000000 1639999999
1640000000 1644999999
1645000000 1649999999
1650000000 1654999999
1655000000 1659999999
1660000000 1664999999
1665000000 1669999999
1670000000 1674999999
1675000000 1679999999
1680000000 1684999999
1685000000 1689999999
1690000000 1694999999
1695000000 1699999999
1700000000 1704999999
1705000000 1709999999
1710000000 1714999999
1715000000 1719999999
1720000000 1724999999
1725000000 1729999999
1730000000 1734999999
1735000000 1739999999
1740000000 1744999999
1745000000 1749999999
1750000000 1754999999
1755000000 1759999999
1760000000 1764999999
1765000000 1769999999
1770000000 1774999999
1775000000 1779999999
1780000000 1784999999
1785000000 1789999999
1790000000 1794999999
1795000000 1799999999
1800000000 1804999999
1805000000 1809999999
1810000000 1814999999
1815000000 1819999999
1820000000 1824999999
1825000000 1829999999
1830000000 1834999999
1835000000 1839999999
1840000000 1844999999
1845000000 1849999999
1850000000 1854999999
1855000000 1859999999
1860000000 1864999999
1865000000 1869999999
1870000000 1874999999
1875000000 1879999999
1880000000 1884999999
1885000000 1889999999
1890000000 1894999999
1895000000 1899999999
1900000000 1904999999
1905000000 1909999999
1910000000 1914999999
1915000000 1919999999
1920000000 1924999999
1925000000 1929999999
1930000000 1934999999
1935000000 1939999999
1940000000 1944999999
1945000000 1949999999
1950000000 1954999999
1955000000 1959999999
1960000000 1964999999
1965000000 1969999999
1970000000 1974999999
1975000000 1979999999
1980000000 1984999999
1985000000 1989999999
1990000000 1994999999
1995000000 1999999999
2000000000 2004999999
2005000000 2009999999
2010000000 2014999999
2015000000 2019999999
2020000000 2024999999
2025000000 2029999999
2030000000 2034999999
2035000000 2039999999
2040000000 2044999999
2045000000 2049999999
2050000000 2054999999
2055000000 2059999999
2060000000 2064999999
2065000000 2069999999
2070000000 2074999999
2075000000 2079999999
2080000000 2084999999
2085000000 2089999999
2090000000 2094999999
2095000000 2099999999
2100000000 2104999999
2105000000 2109999999
2110000000 2114999999
2115000000 2119999999
2120000000 2124999999
2125000000 2129999999
2130000000 2134999999
2135000000 2139999999
2140000000 2144999999
2145000000 2149999999
2150000000 2154999999
2155000000 2159999999
2160000000 2164999999
2165000000 2169999999
2170000000 2174999999
2175000000 2179999999
2180000000 2184999999
2185000000 2189999999
2190000000 2194999999
2195000000 2199999999
2200000000 2204999999
2205000000 2209999999
2210000000 2214999999
2215000000 2219999999
2220000000 2224999999
2225000000 2229999999
2230000000 2234999999
2235000000 2239999999
2240000000 2244999999
2245000000 2249999999
2250000000 2254999999
2255000000 2259999999
2260000000 2264999999
2265000000 2269999999
2270000000 2274999999
2275000000 2279999999
2280000000 2284999999
2285000000 2289999999
2290000000 2294999999
2295000000 2299999999
2300000000 2304999999
2305000000 2309999999
2310000000 2314999999
2315000000 2319999999
2320000000 2324999999
2325000000 2329999999
2330000000 2334999999
2335000000 2339999999
2340000000 2344999999
2345000000 2349999999
2350000000 2354999999
2355000000 2359999999
2360000000 2364999999
2365000000 2369999999
2370000000 2374999999
2375000000 2379999999
2380000000 2384999999
2385000000 2389999999
2390000000 2394999999
2395000000 2399999999
2400000000 2404999999
2405000000 2409999999
2410000000 2414999999
2415000000 2419999999
2420000000 2424999999
2425000000 2429999999
2430000000 2434999999
2435000000 2439999999
2440000000 2444999999
2445000000 2449999999
2450000000 2454999999
2455000000 2459999999
2460000000 2464999999
2465000000 2469999999
2470000000 2474999999
2475000000 2479999999
2480000000 2484999999
2485000000 2489999999
2490000000 2494999999
2495000000 2499999999
2500000000 2504999999
2505000000 2509999999
2510000000 2514999999
2515000000 2519999999
2520000000 2524999999
2525000000 2529999999
2530000000 2534999999
2535000000 2539999999
2540000000 2544999999
2545000000 2549999999
2550000000 2554999999
2555000000 2559999999
2560000000 2564999999
2565000000 2569999999
2570000000 2574999999
2575000000 2579999999
2580000000 2584999999
2585000000 2589999999
2590000000 2594999999
2595000000 2599999999
2600000000 2604999999
2605000000 2609999999
2610000000 2614999999
2615000000 2619999999
2620000000 2624999999
2625000000 2629999999
2630000000 2634999999
2635000000 2639999999
2640000000 2644999999
2645000000 2649999999
2650000000 2654999999
2655000000 2659999999
2660000000 2664999999
2665000000 2669999999
2670000000 2674999999
2675000000 2679999999
2680000000 2684999999
2685000000 2689999999
2690000000 2694999999
2695000000 2699999999
2700000000 2704999999
2705000000 2709999999
2710000000 2714999999
2715000000 2719999999
2720000000 2724999999
2725000000 2729999999
2730000000 2734999999
2735000000 2739999999
2740000000 2744999999
2745000000 2749999999
2750000000 2754999999
2755000000 2759999999
2760000000 2764999999
2765000000 2769999999
2770000000 2774999999
2775000000 2779999999
2780000000 2784999999
2785000000 2789999999
2790000000 2794999999
2795000000 2799999999
2800000000 2804999999
2805000000 2809999999
2810000000 2814999999
2815000000 2819999999
2820000000 2824999999
2825000000 2829999999
2830000000 2834999999
2835000000 2839999999
2840000000 2844999999
2845000000 2849999999
2850000000 2854999999
2855000000 2859999999
2860000000 2864999999
2865000000 2869999999
2870000000 2874999999
2875000000 2879999999
2880000000 2884999999
2885000000 2889999999
2890000000 2894999999
2895000000 2899999999
2900000000 2904999999
2905000000 2909999999
2910000000 2914999999
2915000000 2919999999
2920000000 2924999999
2925000000 2929999999
2930000000 2934999999
2935000000 2939999999
2940000000 2944999999
2945000000 2949999999
2950000000 2954999999
2955000000 2959999999
2960000000 2964999999
2965000000 2969999999
2970000000 2974999999
2975000000 2979999999
2980000000 2984999999
2985000000 2989999999
2990000000 2994999999
2995000000 2999999999
3000000000 3004999999
3005000000 3009999999
3010000000 3014999999
3015000000 3019999999
3020000000 3024999999
3025000000 3029999999
3030000000 3034999999
3035000000 3039999999
3040000000 3044999999
3045000000 3049999999
3050000000 3054999999
3055000000 3059999999
3060000000 3064999999
3065000000 3069999999
3070000000 3074999999
3075000000 3079999999
3080000000 3084999999
3085000000 3089999999
3090000000 3094999999
3095000000 3099999999
3100000000 3104999999
3105000000 3109999999
3110000000 3114999999
3115000000 3119999999
3120000000 3124999999
3125000000 3129999999
3130000000 3134999999
3135000000 3139999999
3140000000 3144999999
3145000000 3149999999
3150000000 3154999999
3155000000 3159999999
3160000000 3164999999
3165000000 3169999999
3170000000 3174999999
3175000000 3179999999
3180000000 3184999999
3185000000 3189999999
3190000000 3194999999
3195000000 3199999999
3200000000 3204999999
3205000000 3209999999
3210000000 3214999999
3215000000 3219999999
3220000000 3224999999
3225000000 3229999999
3230000000 3234999999
3235000000 3239999999
3240000000 3244999999
3245000000 3249999999
3250000000 3254999999
3255000000 3259999999
3260000000 3264999999
3265000000 3269999999
3270000000 3274999999
3275000000 3279999999
3280000000 3284999999
3285000000 3289999999
3290000000 3294999999
3295000000 3299999999
3300000000 3304999999
3305000000 3309999999
3310000000 3314999999
3315000000 3319999999
3320000000 3324999999
3325000000 3329999999
3330000000 3334999999
3335000000 3339999999
3340000000 3344999999
3345000000 3349999999
3350000000 3354999999
3355000000 3359999999
3360000000 3364999999
3365000000 3369999999
3370000000 3374999999
3375000000 3379999999
3380000000 3384999999
3385000000 3389999999
3390000000 3394999999
3395000000 3399999999
3400000000 3404999999
3405000000 3409999999
3410000000 3414999999
3415000000 3419999999
3420000000 3424999999
3425000000 3429999999
3430000000 3434999999
3435000000 3439999999
3440000000 3444999999
3445000000 3449999999
3450000000 3454999999
3455000000 3459999999
3460000000 3464999999
3465000000 3469999999
3470000000 3474999999
3475000000 3479999999
3480000000 3484999999
3485000000 3489999999
3490000000 3494999999
3495000000 3499999999
3500000000 3504999999
3505000000 3509999999
3510000000 3514999999
3515000000 3519999999
3520000000 3524999999
3525000000 3529999999
3530000000 3534999999
3535000000 3539999999
3540000000 3544999999
3545000000 3549999999
3550000000 3554999999
3555000000 3559999999
3560000000 3564999999
3565000000 3569999999
3570000000 3574999999
3575000000 3579999999
3580000000 3584999999
3585000000 3589999999
3590000000 3594999999
3595000000 3599999999
3600000000 3604999999
3605000000 3609999999
3610000000 3614999999
3615000000 3619999999
3620000000 3624999999
3625000000 3629999999
3630000000 3634999999
3635000000 3639999999
3640000000 3644999999
3645000000 3649999999
3650000000 3654999999
3655000000 3659999999
3660000000 3664999999
3665000000 3669999999
3670000000 3674999999
3675000000 3679999999
3680000000 3684999999
3685000000 3689999999
3690000000 3694999999
3695000000 3699999999
3700000000 3704999999
3705000000 3709999999
3710000000 3714999999
3715000000 3719999999
3720000000 3724999999
3725000000 3729999999
3730000000 3734999999
3735000000 3739999999
3740000000 3744999999
3745000000 3749999999
3750000000 3754999999
3755000000 3759999999
3760000000 3764999999
3765000000 3769999999
3770000000 3774999999
3775000000 3779999999
3780000000 3784999999
3785000000 3789999999
3790000000 3794999999
3795000000 3799999999
3800000000 3804999999
3805000000 3809999999
3810000000 3814999999
3815000000 3819999999
3820000000 3824999999
3825000000 3829999999
3830000000 3834999999
3835000000 3839999999
3840000000 3844999999
3845000000 3849999999
3850000000 3854999999
3855000000 3859999999
3860000000 3864999999
3865000000 3869999999
3870000000 3874999999
3875000000 3879999999
3880000000 3884999999
3885000000 3889999999
3890000000 3894999999
3895000000 3899999999
3900000000 3904999999
3905000000 3909999999
3910000000 3914999999
3915000000 3919999999
3920000000 3924999999
3925000000 3929999999
3930000000 3934999999
3935000000 3939999999
3940000000 3944999999
3945000000 3949999999
3950000000 3954999999
3955000000 3959999999
3960000000 3964999999
3965000000 3969999999
3970000000 3974999999
3975000000 3979999999
3980000000 3984999999
3985000000 3989999999
3990000000 3994999999
3995000000 3999999999
4000000000 4004999999
4005000000 4009999999
4010000000 4014999999
4015000000 4019999999
4020000000 4024999999
4025000000 4029999999
4030000000 4034999999
4035000000 4039999999
4040000000 4044999999
4045000000 4049999999
4050000000 4054999999
4055000000 4059999999
4060000000 4064999999
4065000000 4069999999
4070000000 4074999999
4075000000 4079999999
4080000000 4084999999
4085000000 4089999999
4090000000 4094999999
4095000000 4099999999
4100000000 4104999999
4105000000 4109999999
4110000000 4114999999
4115000000 4119999999
4120000000 4124999999
4125000000 4129999999
4130000000 4134999999
4135000000 4139999999
4140000000 4144999999
4145000000 4149999999
4150000000 4154999999
4155000000 4159999999
4160000000 4164999999
4165000000 4169999999
4170000000 4174999999
4175000000 4179999999
4180000000 4184999999
4185000000 4189999999
4190000000 4194999999
4195000000 4199999999
4200000000 4204999999
4205000000 4209999999
4210000000 4214999999
4215000000 4219999999
4220000000 4224999999
4225000000 4229999999
4230000000 4234999999
4235000000 4239999999
4240000000 4244999999
4245000000 4249999999
4250000000 4254999999
4255000000 4259999999
4260000000 4264999999
4265000000 4269999999
4270000000 4274999999
4275000000 4279999999
4280000000 4284999999
4285000000 4289999999
4290000000 4294967295
